2.455000000000000071e+00 2.192018615836470452e-02 7.511282898321620092e-05
2.485918367346938940e+00 2.170824055772026945e-02 6.920292837473072099e-05
2.516836734693877808e+00 2.171597460636471091e-02 9.664725401855172877e-05
2.547755102040816233e+00 2.186332064743953113e-02 5.926490421639813420e-05
2.578673469387755102e+00 2.185804884264684264e-02 8.935664050267952950e-05
2.609591836734693970e+00 2.164966726037559006e-02 7.071485821367739795e-05
2.640510204081632839e+00 2.170236960605735621e-02 1.002049232276244815e-04
2.671428571428571708e+00 2.223661960614670141e-02 1.054927685831111485e-04
2.702346938775510132e+00 2.242614555345340960e-02 1.032902405357430387e-04
2.733265306122449001e+00 2.192322492217635074e-02 8.596930833127612278e-05
2.764183673469387870e+00 2.225859814126646824e-02 7.871626769877724508e-05
2.795102040816326738e+00 2.235397369093797271e-02 1.035321471477598895e-04
2.826020408163265163e+00 2.197537344818207075e-02 8.585486154038744734e-05
2.856938775510204032e+00 2.209766831273671933e-02 8.139919112575555991e-05
2.887857142857142900e+00 2.203579552302758690e-02 7.176912821769410847e-05
2.918775510204081769e+00 2.183195893626389827e-02 7.655762178732442025e-05
2.949693877551020638e+00 2.157615475757479126e-02 8.882167956502997632e-05
2.980612244897959062e+00 2.181861110670953868e-02 7.530617168662254710e-05
3.011530612244897931e+00 2.169722376937054803e-02 1.075384879116736414e-04
3.042448979591836800e+00 2.157765868928140929e-02 8.729552793236631776e-05
3.073367346938775668e+00 2.177978490944276063e-02 7.450970067962789920e-05
3.104285714285714537e+00 2.177012844537215552e-02 9.622286204500341542e-05
3.135204081632652962e+00 2.158732082134256700e-02 9.760735450210430986e-05
3.166122448979591830e+00 2.193239596438468358e-02 9.513018692573206017e-05
3.197040816326530699e+00 2.176163779518158065e-02 8.226347773299461097e-05
3.227959183673469568e+00 2.178439010173262649e-02 6.078190687725319020e-05
3.258877551020408436e+00 2.189241208527183125e-02 7.247130354323949857e-05
3.289795918367346861e+00 2.188851242728845001e-02 8.360227337794249301e-05
3.320714285714285730e+00 2.203896993589451667e-02 7.443601102772729177e-05
3.351632653061224598e+00 2.212959980476137539e-02 9.777658991230385422e-05
3.382551020408163467e+00 2.198096546533355455e-02 7.760674121149031249e-05
3.413469387755102336e+00 2.180428560655498990e-02 7.213097268281842020e-05
3.444387755102040760e+00 2.178423015005028288e-02 5.306433048500453485e-05
3.475306122448980073e+00 2.197834059336327417e-02 5.971342276838570440e-05
3.506224489795918497e+00 2.170593162297074219e-02 6.105417677272212678e-05
3.537142857142857366e+00 2.172056319035659683e-02 7.655460486413189782e-05
3.568061224489796235e+00 2.165671342314760134e-02 1.028519281419490477e-04
3.598979591836734659e+00 2.155581946176609795e-02 5.341372257119877547e-05
3.629897959183673972e+00 2.150372680801548170e-02 7.482447774002088368e-05
3.660816326530612397e+00 2.124600061926612549e-02 7.187030127981317831e-05
3.691734693877551265e+00 2.131136361742230409e-02 6.657055559396788107e-05
3.722653061224490134e+00 2.114215979698163064e-02 7.593972544880575604e-05
3.753571428571428559e+00 2.093422173815178561e-02 4.384088915105263797e-05
3.784489795918367872e+00 2.101523149707177143e-02 6.202577289507807401e-05
3.815408163265306296e+00 2.112673667963398116e-02 6.079568353413375697e-05
3.846326530612245165e+00 2.081971078743084791e-02 7.784686830095632285e-05
3.877244897959184033e+00 2.084768249745522564e-02 4.487413992708689630e-05
3.908163265306122458e+00 2.081648444132437603e-02 8.498597188485099965e-05
3.939081632653061327e+00 2.096823838968682116e-02 3.930010568103660092e-05
3.970000000000000195e+00 2.064941346907750094e-02 4.558863019202413904e-05
