# Kevin Stevenson
# Simulated NIRCam/F322W2 Astrophysical Only
# Wavelength Midpoint    Transit Depth            Uncertainty
2.455000000000000071e+00 2.273650565473774726e-02 0.000000000000000000e+00
2.496999999999999886e+00 2.268616094554437232e-02 0.000000000000000000e+00
2.538999999999999702e+00 2.283969509001710502e-02 0.000000000000000000e+00
2.581500000000000128e+00 2.300124149960457859e-02 0.000000000000000000e+00
2.624000000000000110e+00 2.264216108177832115e-02 0.000000000000000000e+00
2.665999999999999925e+00 2.320784261459367739e-02 0.000000000000000000e+00
2.708000000000000185e+00 2.347379853889175819e-02 0.000000000000000000e+00
2.750000000000000000e+00 2.316229906960002444e-02 0.000000000000000000e+00
2.791999999999999815e+00 2.341465887396642145e-02 0.000000000000000000e+00
2.834500000000000242e+00 2.305524583670592875e-02 0.000000000000000000e+00
2.876999999999999780e+00 2.312256109774257079e-02 0.000000000000000000e+00
2.919000000000000039e+00 2.273103067922550846e-02 0.000000000000000000e+00
2.961000000000000298e+00 2.267964755193624046e-02 0.000000000000000000e+00
3.003000000000000114e+00 2.275350296846469222e-02 0.000000000000000000e+00
3.044999999999999929e+00 2.263710120928667802e-02 0.000000000000000000e+00
3.087499999999999911e+00 2.270274081876452396e-02 0.000000000000000000e+00
3.129999999999999893e+00 2.268366595808153988e-02 0.000000000000000000e+00
3.171999999999999709e+00 2.284564994048160838e-02 0.000000000000000000e+00
3.213999999999999968e+00 2.292956993622025097e-02 0.000000000000000000e+00
3.256000000000000227e+00 2.290059335391254544e-02 0.000000000000000000e+00
3.298000000000000043e+00 2.292231499762483263e-02 0.000000000000000000e+00
3.339999999999999858e+00 2.299672015489630586e-02 0.000000000000000000e+00
3.382500000000000284e+00 2.291851635666680709e-02 0.000000000000000000e+00
3.424999999999999822e+00 2.287789483499251195e-02 0.000000000000000000e+00
3.467000000000000082e+00 2.300069664749721313e-02 0.000000000000000000e+00
3.508999999999999897e+00 2.275170351933960763e-02 0.000000000000000000e+00
3.551000000000000156e+00 2.269049112361615564e-02 0.000000000000000000e+00
3.592999999999999972e+00 2.253592740581281464e-02 0.000000000000000000e+00
3.635499999999999954e+00 2.243995154989867485e-02 0.000000000000000000e+00
3.677999999999999936e+00 2.210776707240162328e-02 0.000000000000000000e+00
3.719999999999999751e+00 2.210060091329361237e-02 0.000000000000000000e+00
3.762000000000000011e+00 2.189909464399164216e-02 0.000000000000000000e+00
3.804000000000000270e+00 2.191904283318954483e-02 0.000000000000000000e+00
3.846000000000000085e+00 2.186634532441973991e-02 0.000000000000000000e+00
3.888500000000000068e+00 2.188886269932685188e-02 0.000000000000000000e+00
3.931000000000000050e+00 2.178141097881429455e-02 0.000000000000000000e+00
3.972999999999999865e+00 2.184981987921393726e-02 0.000000000000000000e+00
4.014999999999999680e+00 2.189175958005178113e-02 0.000000000000000000e+00
